#USM00072365 2000 06 01 00 2304  154 ncdc6301 ncdc6301  350378 -1066219
21     0  83230B 1615 -9999 -8888 -8888   360    10 
20     6  82830  1658B  338B  168   286     3    10 
20    42  80320  1934B  300B  175   273    23    15 
20   124  77730  2225B  267B  183   261    63    15 
20   224  75000  2538B  237B  191   249   119    15 
10   430  70000  3133B  178B  215   224   155    21 
20   806  63340  3974B   96B  275   180   209    10 
20  1148  55890  4994B    1B  385   126   276    93 
10  1454  50000  5872B  -84B  617    60   285   118 
20  1554  48420  6120B -106B  692    45   286   108 
20  1606  48060  6178B -106B  533    77   286   108 
20  1612  47900  6204B -107B  530    77   286   108 
20  1824  43890  6869B -162B  609    58   274    93 
20  1954  40840  7407B -199B  562    65   253    82 
10  2024  40000  7561B -203B  453    88   255    87 
20  2154  38030  7933B -228B  347   114   257   108 
20  2254  36870  8160B -240B  290   130   241   113 
20  2348  35590  8417B -250B  349   111   224   118 
20  2454  33920  8764B -280B  433    87   210   118 
20  2600  32370  9098B -311B  620    48   205   123 
20  2700  31160  9367B -326B  633    46   200   149 
10  2748  30000  9633B -347B  642    43   197   175 
20  2936  27900 10135B -391B  638    42   193   201 
20  3018  27090 10336B -409B  501    63   194   201 
10  3218  25000 10878B -445B  381    84   200   195 
20  3436  22860 11471B -485B  331    91   207   180 
20  3530  22070 11702B -486B  321    93   218   170 
20  3730  20490 12187B -516B  304    94   227   139 
10  3806  20000 12344B -519B  302    94   221   134 
20  3930  18850 12727B -532B  298    94   216   139 
20  4012  18160 12966B -549B  297    92   221   123 
20  4118  17340 13260B -558B  296    91   216   113 
20  4312  16120 13724B -560B  293    92   209   134 
10  4500  15000 14179B -587B  292    89   234   108 
20  4606  14290 14483B -598B  292    87   255   103 
20  4706  13650 14768B -619B  294    85   271    98 
20  4730  13390 14887B -614B  293    85   276    93 
20  4918  12280 15418B -653B  296    80   287    93 
10  5336  10000 16647B -722B  303    71   280    57 
22  5454   9360 17034B -743B  305    69   263    46 
20  5618   8720 17447B -738B  305    69   238    72 
20  5636   8580 17541B -745B  306    68   236    72 
20  5700   8400 17664B -739B  305    69   234    77 
20  5718   8270 17756B -713B  304    72   232    77 
20  5736   8160 17835B -701B  303    74   229    77 
20  5800   7990 17960B -704B  302    74   226    77 
20  5900   7570 18282B -694B  301    75   223    82 
20  5924   7410 18410B -681B  300    76   221    72 
20  5942   7290 18508B -680B  300    77   219    62 
10  6030   7000 18750B -694B  300    75   206    57 
20  6236   6290 19393B -665B  298    79   182    41 
20  6306   6130 19550B -637B  297    82   172    31 
20  6418   5760 19933B -616B  294    85   163    41 
10  6706   5000 20816B -587B  288    90   181    31 
20  6836   4620 21313B -574B  284    92   279    10 
20  6936   4380 21649B -588B  283    91   350    15 
20  7406   3430 23200B -540B  263   101    83    46 
20  7600   3090 23869B -546B  248   105    97    36 
10  7636   3000 24059B -530B  243   108    99    31 
20  7842   2660 24838B -506B  222   118    74    31 
10  8348   2000 26706B -484B  171   140    82    41 
20  8730   1620 28098B -465B  140   158   104    31 
20  9118   1290 29628B -411B  114   183   359    10 
10  9524   1000 31366B -393B   97   199   330    31 
20  9642    930 31861B -409B   99   194 -9999 -9999 
30   100  -9999  2059 -9999 -9999 -9999    32    15 
30   200  -9999  2413 -9999 -9999 -9999    98    15 
30   300  -9999  2708 -9999 -9999 -9999   147    15 
30   400  -9999  2991 -9999 -9999 -9999   159    21 
30   500  -9999  3250 -9999 -9999 -9999   151    21 
30   600  -9999  3483 -9999 -9999 -9999   185    21 
30   700  -9999  3717 -9999 -9999 -9999   200    10 
30   800  -9999  3951 -9999 -9999 -9999   205     5 
30   900  -9999  4222 -9999 -9999 -9999   250    41 
30  1000  -9999  4498 -9999 -9999 -9999   262    67 
30  1100  -9999  4773 -9999 -9999 -9999   270    77 
30  1200  -9999  5051 -9999 -9999 -9999   278    98 
30  1300  -9999  5334 -9999 -9999 -9999   284   113 
30  1400  -9999  5617 -9999 -9999 -9999   283   118 
30  1500  -9999  5897 -9999 -9999 -9999   285   118 
30  1600  -9999  6149 -9999 -9999 -9999   286   108 
30  1700  -9999  6446 -9999 -9999 -9999   285   108 
30  1800  -9999  6748 -9999 -9999 -9999   280    98 
30  1900  -9999  7084 -9999 -9999 -9999   264    82 
30  2000  -9999  7438 -9999 -9999 -9999   252    82 
30  2100  -9999  7710 -9999 -9999 -9999   258    93 
30  2200  -9999  7956 -9999 -9999 -9999   257   108 
30  2300  -9999  8189 -9999 -9999 -9999   239   113 
30  2400  -9999  8480 -9999 -9999 -9999   220   118 
30  2500  -9999  8794 -9999 -9999 -9999   209   118 
30  2800  -9999  9689 -9999 -9999 -9999   196   180 
30  2900  -9999  9968 -9999 -9999 -9999   193   195 
30  3000  -9999 10250 -9999 -9999 -9999   193   201 
30  3100  -9999 10526 -9999 -9999 -9999   196   195 
30  3200  -9999 10797 -9999 -9999 -9999   199   195 
30  3300  -9999 11058 -9999 -9999 -9999   201   195 
30  3400  -9999 11316 -9999 -9999 -9999   202   190 
30  3500  -9999 11574 -9999 -9999 -9999   211   175 
30  3600  -9999 11823 -9999 -9999 -9999   224   165 
30  3700  -9999 12066 -9999 -9999 -9999   231   144 
30  3800  -9999 12318 -9999 -9999 -9999   222   134 
30  3900  -9999 12590 -9999 -9999 -9999   212   144 
30  4000  -9999 12898 -9999 -9999 -9999   221   129 
30  4100  -9999 13180 -9999 -9999 -9999   220   108 
30  4200  -9999 13431 -9999 -9999 -9999   206   129 
30  4300  -9999 13675 -9999 -9999 -9999   207   134 
30  4400  -9999 13926 -9999 -9999 -9999   216   129 
30  4600  -9999 14455 -9999 -9999 -9999   253   103 
30  4700  -9999 14740 -9999 -9999 -9999   270    98 
30  4800  -9999 15035 -9999 -9999 -9999   283    87 
30  4900  -9999 15330 -9999 -9999 -9999   287    93 
30  5000  -9999 15618 -9999 -9999 -9999   288    87 
30  5100  -9999 15904 -9999 -9999 -9999   286    82 
30  5200  -9999 16190 -9999 -9999 -9999   287    77 
30  5300  -9999 16476 -9999 -9999 -9999   287    62 
30  5400  -9999 16766 -9999 -9999 -9999   275    51 
30  5500  -9999 17064 -9999 -9999 -9999   262    46 
30  5600  -9999 17359 -9999 -9999 -9999   240    67 
30  6000  -9999 18599 -9999 -9999 -9999   218    57 
30  6100  -9999 18903 -9999 -9999 -9999   193    51 
30  6200  -9999 19209 -9999 -9999 -9999   196    51 
30  6300  -9999 19519 -9999 -9999 -9999   173    31 
30  6400  -9999 19837 -9999 -9999 -9999   162    41 
30  6500  -9999 20154 -9999 -9999 -9999   165    36 
30  6600  -9999 20469 -9999 -9999 -9999   163    31 
30  6700  -9999 20784 -9999 -9999 -9999   179    31 
30  6800  -9999 21114 -9999 -9999 -9999   204    15 
30  6900  -9999 21447 -9999 -9999 -9999   329    10 
30  7000  -9999 21787 -9999 -9999 -9999     4    15 
30  7100  -9999 22132 -9999 -9999 -9999    35    31 
30  7200  -9999 22476 -9999 -9999 -9999    56    21 
30  7300  -9999 22821 -9999 -9999 -9999    75    26 
30  7400  -9999 23166 -9999 -9999 -9999    81    46 
30  7500  -9999 23517 -9999 -9999 -9999   105    31 
30  7700  -9999 24207 -9999 -9999 -9999   100    31 
30  7800  -9999 24578 -9999 -9999 -9999    80    26 
30  7900  -9999 24948 -9999 -9999 -9999    72    36 
30  8000  -9999 25314 -9999 -9999 -9999    48    31 
30  8100  -9999 25680 -9999 -9999 -9999    38    41 
30  8200  -9999 26047 -9999 -9999 -9999    43    31 
30  8300  -9999 26413 -9999 -9999 -9999    58    36 
30  8400  -9999 26781 -9999 -9999 -9999    88    41 
30  8500  -9999 27157 -9999 -9999 -9999   116    46 
30  8600  -9999 27534 -9999 -9999 -9999   119    46 
30  8700  -9999 27910 -9999 -9999 -9999   113    36 
30  8800  -9999 28299 -9999 -9999 -9999    94    26 
30  8900  -9999 28702 -9999 -9999 -9999    71    21 
30  9000  -9999 29105 -9999 -9999 -9999    38    10 
30  9100  -9999 29507 -9999 -9999 -9999    33    10 
30  9200  -9999 29925 -9999 -9999 -9999   274     5 
30  9300  -9999 30349 -9999 -9999 -9999   276    10 
30  9400  -9999 30773 -9999 -9999 -9999   326    21 
30  9500  -9999 31196 -9999 -9999 -9999   318    26 
30  9600  -9999 31594 -9999 -9999 -9999   345    41 
#USM00072365 2000 06 01 12 1105  151 ncdc6301 ncdc6301  350378 -1066219
21     0  83570B 1615   194B  440   126    10    26 
20    36  81840  1795B  193B  375   150 -9999 -9999 
20    48  81180  1865B  202B  296   184 -9999 -9999 
20   154  78190  2187B  188B  247   207 -9999 -9999 
20   230  76990  2320B  197B  218   225    26    36 
20   312  75000  2544B  183B  210   228   356    51 
10   518  70000  3130B  143B  197   229   344    82 
20   642  66920  3507B  116B  211   216   347    67 
20  1118  57270  4781B    1B  325   147   357    36 
10  1518  50000  5848B  -98B  550    74   228    15 
20  1648  47360  6264B -132B  761    33   155    31 
20  1830  44320  6766B -166B  691    43   241    36 
20  2018  41500  7257B -201B  664    46   237    41 
20  2036  41040  7340B -205B  651    48   229    36 
20  2048  40670  7407B -207B  532    70   223    36 
10  2118  40000  7529B -213B  450    88   221    36 
20  2142  39470  7628B -216B  344   116   225    31 
20  2300  37720  7960B -241B  332   117   250    41 
20  2424  35800  8339B -269B  394    97   246    87 
20  2454  35160  8469B -278B  487    75   243   103 
20  2648  32910  8940B -312B  488    72   243   149 
20  2718  32320  9068B -322B  604    50   240   154 
20  2736  31990  9141B -319B  447    80   237   154 
20  2812  31340  9286B -324B  410    88   233   165 
10  2924  30000  9592B -347B  358    99   231   190 
10  3454  25000 10840B -439B  351    91   223   237 
20  3930  20860 12029B -536B  330    86   218   231 
10  4042  20000 12300B -534B  326    87   220   201 
20  4406  17600 13116B -570B  316    85   228   159 
20  4442  17190 13265B -571B  315    85   229   139 
20  4524  16740 13433B -558B  312    87   232   108 
20  4648  15910 13757B -557B  306    89   220    41 
20  4730  15500 13923B -558B  302    90   188    26 
10  4824  15000 14131B -572B  299    89   146    31 
20  4906  14570 14314B -578B  297    89   124    36 
20  5124  13330 14869B -624B  297    83   186    36 
20  5254  12400 15312B -652B  298    80   181    26 
20  5618  10800 16145B -694B  303    74    89    41 
10  5806  10000 16600B -727B  306    70   116    26 
20  5900   9550 16869B -743B  309    68   161    21 
20  5924   9370 16980B -740B  307    69   177    21 
22  6036   8860 17305B -756B  309    67   217    31 
20  6118   8580 17491B -756B  309    67   230    41 
20  6242   8050 17862B -731B  308    69   238    62 
20  6312   7860 18003B -691B  306    74   234    67 
20  6342   7690 18133B -696B  305    74   222    72 
20  6436   7390 18372B -673B  302    77   210    82 
10  6542   7000 18698B -674B  302    77   206    98 
20  6848   6050 19581B -656B  299    79   219    62 
20  6942   5810 19829B -615B  297    84   213    36 
10  7254   5000 20759B -614B  292    86   114    41 
20  7448   4540 21358B -612B  289    87   145    62 
20  7618   4200 21844B -583B  284    91   145    62 
20  7824   3800 22477B -561B  274    96   172    46 
20  7954   3530 22947B -545B  263   101   216    57 
10  8318   3000 23994B -522B  232   113   222    72 
20  8748   2370 25515B -531B  194   124 -9999 -9999 
20  8848   2230 25909B -514B  185   130 -9999 -9999 
20  8942   2130 26206B -519B  179   131 -9999 -9999 
10  9054   2000 26617B -495B  167   140 -9999 -9999 
20  9430   1640 27921B -478B  129   161   219    57 
20  9536   1560 28253B -452B  115   175   218    57 
20  9654   1450 28741B -455B  102   183 -9999 -9999 
30   200  -9999  2209 -9999 -9999 -9999    43    36 
30   300  -9999  2480 -9999 -9999 -9999     1    41 
30   400  -9999  2767 -9999 -9999 -9999   339    82 
30   500  -9999  3046 -9999 -9999 -9999   342    87 
30   600  -9999  3319 -9999 -9999 -9999   349    67 
30   700  -9999  3590 -9999 -9999 -9999   346    67 
30   800  -9999  3867 -9999 -9999 -9999   343    77 
30   900  -9999  4144 -9999 -9999 -9999   347    67 
30  1000  -9999  4421 -9999 -9999 -9999   358    51 
30  1100  -9999  4698 -9999 -9999 -9999     1    41 
30  1200  -9999  4968 -9999 -9999 -9999   348    26 
30  1300  -9999  5234 -9999 -9999 -9999   321    15 
30  1400  -9999  5501 -9999 -9999 -9999   292    15 
30  1500  -9999  5768 -9999 -9999 -9999   261    10 
30  1600  -9999  6042 -9999 -9999 -9999   148    21 
30  1700  -9999  6323 -9999 -9999 -9999   157    31 
30  1800  -9999  6618 -9999 -9999 -9999   222    26 
30  1900  -9999  6902 -9999 -9999 -9999   258    41 
30  2000  -9999  7175 -9999 -9999 -9999   244    41 
30  2100  -9999  7456 -9999 -9999 -9999   219    36 
30  2200  -9999  7705 -9999 -9999 -9999   227    31 
30  2400  -9999  8231 -9999 -9999 -9999   248    72 
30  2500  -9999  8494 -9999 -9999 -9999   243   108 
30  2600  -9999  8742 -9999 -9999 -9999   246   139 
30  2700  -9999  8991 -9999 -9999 -9999   242   149 
30  2800  -9999  9238 -9999 -9999 -9999   234   159 
30  2900  -9999  9490 -9999 -9999 -9999   231   180 
30  3000  -9999  9728 -9999 -9999 -9999   231   201 
30  3100  -9999  9955 -9999 -9999 -9999   230   211 
30  3200  -9999 10182 -9999 -9999 -9999   225   206 
30  3300  -9999 10409 -9999 -9999 -9999   223   206 
30  3400  -9999 10636 -9999 -9999 -9999   225   216 
30  3500  -9999 10866 -9999 -9999 -9999   223   242 
30  3600  -9999 11124 -9999 -9999 -9999   220   252 
30  3700  -9999 11383 -9999 -9999 -9999   219   247 
30  3800  -9999 11641 -9999 -9999 -9999   217   257 
30  3900  -9999 11900 -9999 -9999 -9999   217   252 
30  4000  -9999 12142 -9999 -9999 -9999   219   216 
30  4100  -9999 12372 -9999 -9999 -9999   221   195 
30  4200  -9999 12612 -9999 -9999 -9999   221   195 
30  4300  -9999 12852 -9999 -9999 -9999   225   185 
30  4400  -9999 13092 -9999 -9999 -9999   228   165 
30  4500  -9999 13337 -9999 -9999 -9999   230   129 
30  4600  -9999 13572 -9999 -9999 -9999   234    77 
30  4700  -9999 13804 -9999 -9999 -9999   216    31 
30  4800  -9999 14039 -9999 -9999 -9999   160    26 
30  4900  -9999 14288 -9999 -9999 -9999   121    36 
30  5000  -9999 14531 -9999 -9999 -9999   149    31 
30  5100  -9999 14772 -9999 -9999 -9999   187    36 
30  5200  -9999 15046 -9999 -9999 -9999   185    31 
30  5300  -9999 15337 -9999 -9999 -9999   181    26 
30  5400  -9999 15582 -9999 -9999 -9999   105    31 
30  5500  -9999 15827 -9999 -9999 -9999    81    57 
30  5600  -9999 16072 -9999 -9999 -9999    86    46 
30  5700  -9999 16322 -9999 -9999 -9999    95    36 
30  5800  -9999 16575 -9999 -9999 -9999   112    26 
30  6000  -9999 17143 -9999 -9999 -9999   201    26 
30  6100  -9999 17411 -9999 -9999 -9999   227    36 
30  6200  -9999 17677 -9999 -9999 -9999   236    57 
30  6300  -9999 17947 -9999 -9999 -9999   239    67 
30  6400  -9999 18213 -9999 -9999 -9999   215    72 
30  6500  -9999 18491 -9999 -9999 -9999   207    93 
30  6600  -9999 18783 -9999 -9999 -9999   205    98 
30  6700  -9999 19068 -9999 -9999 -9999   208    93 
30  6800  -9999 19353 -9999 -9999 -9999   217    82 
30  6900  -9999 19636 -9999 -9999 -9999   220    57 
30  7000  -9999 19916 -9999 -9999 -9999   210    26 
30  7100  -9999 20207 -9999 -9999 -9999   131    21 
30  7200  -9999 20497 -9999 -9999 -9999   118    31 
30  7300  -9999 20791 -9999 -9999 -9999   114    41 
30  7400  -9999 21106 -9999 -9999 -9999   129    57 
30  7500  -9999 21423 -9999 -9999 -9999   149    62 
30  7600  -9999 21747 -9999 -9999 -9999   142    67 
30  7700  -9999 22055 -9999 -9999 -9999   150    51 
30  7800  -9999 22356 -9999 -9999 -9999   162    46 
30  7900  -9999 22665 -9999 -9999 -9999   188    41 
30  8000  -9999 22978 -9999 -9999 -9999   219    57 
30  8100  -9999 23286 -9999 -9999 -9999   221    62 
30  8200  -9999 23594 -9999 -9999 -9999   222    72 
30  8300  -9999 23902 -9999 -9999 -9999   222    72 
30  8400  -9999 24231 -9999 -9999 -9999   222    77 
30  8500  -9999 24569 -9999 -9999 -9999   222    77 
30  8600  -9999 24907 -9999 -9999 -9999   222    77 
30  9200  -9999 27015 -9999 -9999 -9999   222    41 
30  9300  -9999 27378 -9999 -9999 -9999   220    46 
30  9400  -9999 27740 -9999 -9999 -9999   220    51 
30  9500  -9999 28072 -9999 -9999 -9999   218    62 
30  9600  -9999 28403 -9999 -9999 -9999   218    57 